Read:
Stride,Time,Operations,Bytes,TimePerOp,BytePerMillisecond,MillisecondPerByte
1,27534,100000000,100000000,0.000275,3631.873291,0.000275
10,3148,10000000,100000000,0.000315,31766.201172,0.000031
100,355,1000000,100000000,0.000355,281690.156250,0.000004
1000,69,100000,100000000,0.000690,1449275.375000,0.000001
Fread:
Stride,Time,Operations,Bytes,TimePerOp,BytePerMillisecond,MillisecondPerByte
1,1413,100000000,100000000,0.000014,70771.406250,0.000014
10,180,10000000,100000000,0.000018,555555.562500,0.000002
100,53,1000000,100000000,0.000053,1886792.500000,0.000001
1000,41,100000,100000000,0.000410,2439024.500000,0.000000
Memcpy:
Stride,Time,Operations,Bytes,TimePerOp,BytePerMillisecond,MillisecondPerByte
0,470,100000000,100000000,0.000005,212765.953125,0.000005
1,76,10000000,100000000,0.000008,1315789.500000,0.000001
2,34,1000000,100000000,0.000034,2941176.500000,0.000000
3,30,100000,100000000,0.000300,3333333.250000,0.000000
